   12.6021
   -7.1930
   -9.7249
  -25.7797
   -6.2723
   16.1123
   18.4141
   11.1635
    5.5818
    4.6035
  -10.0126
  -11.2211
   -7.1354
    2.2442
    6.9053
   25.8948
    3.7404
  -12.8323
  -11.3362
   -0.6905
   13.0625
    2.0716
   -5.7544
   -3.6253
   -0.5179
   -5.0639
    7.8260
   -7.3081
   -8.5740
   17.6084
    6.9053
    7.3081
   -0.1726
  -15.0190
    1.2660
   13.0049
   -3.3951
    4.4309
    3.7979
   -7.3656
    8.9193
   -7.7684
  -18.2990
    9.2070
   -3.2800
    1.6112
   20.3706
  -25.2618
  -24.3986
   -0.4604
  -11.2786
    8.4014
   13.4077
  -15.0190
   12.8898
    2.3593
  -24.6864
    8.6316
    1.9565
   -7.8260
   13.4653
    0.9207
   -5.0639
   19.2197
   -5.7544
   -9.0344
   13.9256
  -13.9256
   -0.3453
   13.6955
  -14.1558
   -8.8042
   11.1635
    6.2723
    9.4372
    8.1137
   -8.0562
    3.5102
   -0.2302
  -12.7748
  -13.0049
   -6.4449
   -1.6688
    7.6533
   27.1607
   29.2899
  -14.2709
  -46.1502
  -25.4344
    0.4604
   10.0702
   21.0611
   15.8821
   -2.9347
  -13.5804
  -23.0751
  -19.6225
   -6.1572
    5.9270
    1.1509
   -2.0140
    0.3453
   -4.8337
   -3.5102
   13.6955
   24.6288
    7.5383
   -3.1649
    0.2877
  -12.1993
   -8.5165
   11.3937
    3.9130
    3.6828
    6.9628
    1.5537
   -0.2877
    3.4526
   -4.3733
   -5.8119
   -2.5319
    3.3375
    4.4884
    4.3158
  -10.5881
  -18.7018
   -1.7263
    7.9986
   11.9116
   -5.8119
   -4.8337
    1.7839
    5.5242
   -2.4168
    2.1867
    3.0498
    6.7902
    5.0639
   -4.5460
   -4.2583
   -9.4372
   -2.8197
    1.5537
    3.6253
   -1.2084
   -3.3375
   -2.8197
   -0.2877
    8.3439
   -6.1572
   -4.2007
   -9.9551
    2.4168
   12.1993
    4.4884
   -0.4028
    5.2940
   -1.1509
    0.2877
    3.2800
   -7.2505
    5.8119
   14.0407
    6.9628
   -8.7467
  -11.4512
   -1.2084
    0.6330
    7.4232
    2.1291
  -14.5011
  -11.3937
    5.2365
   13.4653
   11.6239
    6.2147
   -7.5383
  -13.0625
   -3.4526
   -8.8042
   -3.1074
   16.4000
   30.2106
   16.7453
  -13.8105
  -34.8716
  -14.3860
    1.4961
   19.4499
   24.8590
    8.6316
   -4.8337
  -18.7018
  -21.2337
   -6.2147
    2.3593
   -9.3221
   -2.1291
   -7.6533
  -13.6955
    3.3951
    2.9347
   10.9909
   21.2913
    9.7825
   -8.8042
    1.3811
  -10.9909
  -26.0099
   11.3937
   11.9116
   17.6660
   11.7965
   13.8105
  -28.3116
  -26.0099
   -7.1354
   -5.3516
   18.8744
   15.4218
    5.2940
   -3.2800
   -7.9411
  -15.1916
  -12.7748
    2.9923
    0.8056
    0.2302
   -2.1867
   11.7965
   16.0548
    3.1649
    6.3298
    3.6828
    2.4168
   -2.2442
   -0.1151
   -8.2863
   -7.2505
    6.5025
   15.1916
   14.6737
   -1.1509
  -11.5663
   -9.7249
  -15.8821
    4.0856
    2.6470
  -11.7390
   -7.1354
   10.0126
   15.9972
    7.1930
   -2.7621
  -19.4499
  -15.9972
   13.9832
   15.9397
   -3.5102
   -5.0063
   -6.5025
   -6.7326
    2.5319
   11.2211
    7.6533
    7.1354
   -6.5025
  -14.1558
   -8.8618
  -10.3004
    8.7467
   13.3502
    7.9986
   11.5663
   -1.0933
    0.5754
   -3.7404
  -15.1916
   -4.5460
   11.7965
   13.2351
   20.8885
   16.8604
  -23.1327
  -22.2120
   -9.2646
    2.7621
   14.2709
   22.1544
   -0.8632
  -29.6927
  -23.3053
  -25.6646
    4.6035
   24.5137
   12.0842
  -11.7390
  -25.3193
  -27.4485
  -12.2569
   23.5355
   22.1544
   27.4485
   12.2569
  -11.3937
   -5.5818
   -3.3375
   -0.1726
    0.6905
    0.2877
    4.4309
   23.6506
   23.2478
    4.4309
   -3.8554
  -19.3923
  -13.0625
   13.2351
   11.3362
    8.4014
   -6.0421
  -13.3502
  -10.7607
    8.2288
   22.9025
    7.0204
  -10.1277
  -13.2351
  -10.7607
   -4.0281
   15.3067
   16.7453
    2.4744
   -1.2660
   -7.8260
  -16.8604
    0.4604
    9.6674
   -1.0933
    2.7621
  -11.1060
  -12.0267
    6.4449
    5.5818
   -7.1930
   -7.8835
   -3.6828
   -0.5179
    2.7046
    5.0063
    7.8835
    9.7249
    8.0562
    1.4961
    0.3453
   -1.3811
    3.7404
    6.4449
    1.9565
   -1.3811
   -2.5319
   11.7965
   12.3719
   -4.8337
  -12.1993
  -10.3579
  -16.2849
    0.9782
   10.8183
   -0.3453
   10.3579
    0.6905
   -0.5179
    8.2863
   -5.4091
  -24.2260
   -4.6035
   -4.2583
  -10.7032
   27.1032
   39.8204
    8.1712
  -17.9537
  -34.3537
  -36.5404
    3.3951
   32.8576
   17.4358
    4.0856
   -9.0919
  -25.7797
  -26.8730
   -6.7902
    6.3874
    8.5165
   -6.1572
   -6.7326
   -0.4604
  -11.9691
    2.0716
   19.5074
   19.5649
   11.9691
    5.2365
   -4.9488
  -12.7748
   -1.6688
   -1.0933
   13.8105
   17.2056
   11.1060
   11.9116
   -4.5460
  -19.7951
   -7.5383
    5.1214
    1.4961
   16.8604
    1.6112
  -22.7874
  -11.3362
   -1.6112
    9.8400
   15.0765
   -3.6828
  -13.0625
    1.8414
    1.9565
   -2.4744
    2.4744
   -1.7263
    5.6393
    9.3221
    6.6176
    5.4091
   -4.3733
  -14.9039
   -9.6674
    3.1074
   -2.6470
   14.2709
    2.6470
  -16.9179
    9.0919
   -1.2660
   -7.6533
   12.4870
    4.1432
   -8.0562
    4.3733
   -7.1930
    0.3453
   21.2337
   12.3719
    9.4372
    1.2084
  -18.6442
   -7.8260
    5.6969
    2.9923
    4.8912
    5.8119
   -4.5460
   -4.6611
   -3.6253
   -7.9411
   -8.3439
   -6.2147
   -4.4884
    5.4091
    8.8618
    5.8119
    2.9347
  -16.5727
  -11.0484
    3.9130
   -9.4372
   10.0702
   24.5137
   13.4077
  -11.1635
  -17.4934
   -7.9411
   10.8183
   21.8092
   16.1698
    0.0575
  -18.0113
  -12.6597
   -8.6891
  -12.3719
   -0.1151
    8.1137
   -9.2070
   -6.7902
   -4.4309
  -18.2990
   -2.9923
    2.4168
   15.1916
   18.8744
    6.9053
  -15.6520
  -12.2569
   -8.7467
   -0.2302
   13.4653
    4.3733
   12.8898
    6.5600
   -6.3874
   -9.6098
   -4.0281
   -0.2302
   12.6597
   10.3579
   -0.9782
   -6.9628
   -9.2646
   -3.6828
   -9.0344
   -9.7825
   11.2211
    6.4449
   -8.3439
    1.6112
    2.3593
   -4.6035
   -2.6470
    4.8912
  -12.4295
   -1.8989
   10.5305
    2.4168
   -7.1354
   -7.8835
    2.1867
    1.6112
    6.3874
    3.3375
  -14.7312
  -10.8183
   -5.5242
   -1.0358
   11.2786
    7.1354
   12.0842
    5.8695
   -9.5523
  -16.4576
   -3.0498
   -3.9130
   11.5663
   11.2211
   -1.0933
   11.0484
   -1.5537
   -3.3375
    1.5537
   -7.3656
   -8.1137
    9.6674
    1.2660
  -11.8541
   10.2428
   -0.9207
    4.4884
   19.5649
   -6.7902
   -9.3797
   -9.6098
  -18.4716
   -9.2070
    6.5025
   11.8541
   36.3678
   14.7888
  -34.0085
  -35.1594
  -13.7530
    5.8695
   25.2618
   22.0969
   -6.0421
  -11.7965
  -25.8948
  -17.2056
   -0.2302
    8.8042
    0.8632
   -6.9053
  -10.4730
  -11.8541
  -11.6814
    7.7109
   25.9523
   10.9909
    0.9207
   -2.8772
    5.8119
   -3.1074
   -2.0716
   -9.6098
  -11.4512
   29.2899
   26.6428
    6.3874
   -4.6035
  -13.8105
  -18.0113
   17.6660
   26.3551
   11.6814
    1.8989
  -15.2491
  -22.3846
   -2.9923
   17.7235
    6.9053
    6.3298
   -2.1867
   -5.5818
    3.7404
   -6.0421
   -1.2660
    4.3733
   -9.7825
   -4.2007
    3.4526
    5.1790
   -5.1214
   -6.7902
  -10.5881
   -8.9769
    0.9782
    4.3733
   -2.9347
   -7.8260
   -0.9207
  -12.0842
   -7.0779
   13.8105
   12.8898
    3.2800
    3.3951
   -0.9782
  -14.8463
   10.5305
   13.1776
    4.7186
   10.4730
    1.6112
   -8.6316
    2.0716
   -0.6330
    6.0421
   22.2695
   -8.8042
   -3.0498
    9.4948
  -18.2414
   -0.4604
    6.0421
  -14.0407
    6.7902
    5.8695
    1.4386
   11.7390
   -4.7761
  -26.2400
  -11.5663
   -8.8042
    9.8400
   32.1095
   15.4793
   -3.7979
  -28.6569
  -29.7502
    7.1930
   13.2351
   10.9334
   18.8744
   -4.4884
  -22.1544
  -11.5088
   -2.5895
  -11.0484
   11.2786
    5.5818
  -17.3783
   -7.7109
    8.6316
  -13.8681
   -0.9782
   29.4050
   16.1123
   14.1558
   -2.3593
  -23.3628
   -6.1572
   -7.8835
   -2.9923
   23.1902
   21.6365
   -0.9782
    2.0140
   -8.5740
  -18.6442
    6.0421
    1.0933
   10.7607
   24.9741
   -8.7467
  -20.3130
    6.1572
   -0.4028
    5.3516
   10.2428
    0.9207
    0.1151
   -3.1074
    7.9986
    7.9411
    1.0358
    2.1291
    7.4232
   -2.9923
   -0.4604
   17.0330
   -9.6674
  -13.1776
    1.2660
  -11.1060
   -2.9923
   12.1418
    2.6470
  -14.5586
   -8.4014
   -8.8618
    0.1151
   11.7390
    7.4232
    0.1726
    4.2007
    2.1291
    0.3453
    8.1712
    6.2723
    2.5895
    0.2877
    1.5537
    8.8042
    3.4526
   -2.9347
    4.8912
    8.6316
   -1.6688
    2.1867
    6.5600
  -11.5088
  -16.9179
    0.1151
    6.2147
    1.8989
   17.0906
    5.6393
   -6.5600
   -3.2225
   -7.1930
   -7.9411
   -2.5319
    5.9270
   12.7748
   14.5011
   -0.5754
   -7.9986
  -18.1263
   -7.8835
    7.1354
   17.7235
   18.2990
   -0.1151
  -19.1046
  -25.8372
   -4.9488
    1.2660
    3.1649
    2.3018
   -7.5958
  -11.5088
   -7.5383
   -4.9488
    3.5677
   12.8898
   19.6225
   16.9755
    1.3811
   -6.3298
  -14.5011
  -15.0765
    6.8477
   18.1263
   10.7607
   12.5446
    2.1291
  -19.9677
  -10.0126
   -1.3811
   -0.7481
   12.3719
    8.7467
  -14.9614
  -15.0190
   -3.9130
   -0.6330
   10.1277
    9.8400
  -11.9691
  -14.9039
    4.4884
    5.9270
    6.4449
    3.2225
   -5.4667
   10.2428
   11.9116
   -0.2877
  -15.1916
   -8.1137
    0.3453
   -4.8912
    1.2084
    5.9846
    4.0856
   -4.9488
   -6.9053
  -10.0126
   -5.2940
    0.6905
    4.2583
    5.5242
   -4.4309
    7.8260
   12.8323
   -1.1509
   -9.2070
    0.0575
    3.1074
    2.5319
   19.4499
    0.5754
  -19.3348
    0.6330
    6.0997
    4.6035
    8.1137
   -7.8835
  -16.1698
    0.8632
   -3.9130
   -8.9769
   10.7032
   15.7095
    3.2800
   -2.9923
   -9.2070
  -22.6723
   -4.3158
   12.1418
   -0.0575
   13.4077
   28.4267
    5.6393
  -11.7965
  -14.9614
  -25.7221
    1.6688
   25.6071
   15.7670
    2.9923
  -12.1993
  -33.2029
  -22.9600
   -2.7621
   12.5446
    2.7046
  -13.2351
   -8.2288
  -17.2056
  -10.8758
   -8.2288
   12.1993
   24.6864
    7.3081
   -4.7761
  -12.8323
   -8.9769
    1.7839
    8.1712
    0.8056
    6.2147
   15.1916
   -6.5025
   -0.1151
   -1.0933
    2.1291
    3.3951
    6.5025
    7.5383
    2.0140
    2.3018
  -13.8681
   -0.5754
    4.4309
    3.0498
    4.9488
    5.7544
    4.4309
   -3.0498
   -2.7621
   -4.4309
    0.5754
    6.7326
    5.1214
   -5.0639
  -11.6814
   -2.0716
   -5.1214
   -8.1712
    3.5677
   -1.2084
  -11.5088
    2.8197
   -9.9551
  -14.3284
   -1.3235
  -10.9909
   -7.9986
   12.9474
   -1.7263
    7.7109
    6.5600
  -10.3004
   13.1776
    4.3733
  -11.4512
    9.7825
    8.4590
  -10.8183
   17.2632
   -1.4386
   -4.4884
    8.6316
   -0.6330
    7.1930
    6.4449
  -10.0702
   -1.1509
   -2.2442
   -7.2505
   24.3411
   15.1341
  -18.3565
  -19.3348
   -8.8618
  -13.5228
    9.5523
   26.0674
   15.3642
   12.8323
  -23.9383
  -30.2106
  -22.7874
   -0.9207
   22.9025
   17.1481
    4.0856
   -4.2583
  -16.0548
  -35.5622
   -6.1572
   13.0625
   -6.5025
   -3.5102
    0.1726
  -20.5432
   -8.4014
    7.3081
   12.8323
   16.5151
   21.0611
   -0.0575
  -13.4077
  -20.9460
  -10.1277
    9.4372
   18.0113
   15.0765
   10.7032
    2.2442
  -11.8541
   -6.9628
   -2.0140
    2.4168
   11.6239
   12.1993
    2.8772
   -9.3797
  -17.0330
   -5.7544
   22.4421
   -8.6316
  -17.0330
    2.7046
    2.8772
   19.1046
   14.0983
    0.8632
   -8.4590
   -5.7544
    1.1509
    4.8912
   18.9320
   -0.1151
  -13.1200
  -15.9972
    6.0421
   13.1776
   13.9832
    1.5537
  -17.2632
  -23.8232
   -7.9411
   19.4499
   15.8246
    6.3874
   -5.2365
   -5.9846
   -7.0204
   10.8183
   10.5305
  -10.9334
   -4.0281
   -1.3235
    9.2070
   20.8885
   -4.4309
  -20.0253
    1.6112
    1.8989
    3.2800
   13.3502
  -10.9909
  -15.3067
   -5.8695
  -12.0842
   -0.1726
   17.7811
    8.4590
   12.3144
    8.4014
  -23.9383
   -6.8477
    3.2225
    3.6253
   17.4934
    2.5319
   14.0407
   18.2414
   -6.0421
  -13.1200
  -11.3937
   -9.3797
   20.0253
   27.2758
   11.6239
   10.2428
  -21.1186
  -33.3179
  -13.3502
    0.5179
    6.0997
   14.3284
  -10.4155
  -37.1158
  -16.3425
   -3.1649
   23.4779
   28.0814
   10.8758
   -1.2660
   -6.4449
  -14.7888
   -7.9411
         0
    9.9551
    8.0562
    2.2442
   15.9397
    9.1495
   -8.3439
  -10.5881
  -11.5088
    6.1572
   18.9895
    9.0919
    3.6253
   -4.3158
   -4.2583
   -2.9923
    6.9628
    0.0575
    8.6316
    6.3298
   -5.9270
   -6.5600
    5.4091
   16.1698
   12.8323
   -2.1867
  -12.9474
   -6.9628
   -4.8912
   10.4730
    8.5740
   -8.8042
  -18.0688
   -9.6098
    3.1074
    4.6035
    0.6330
  -24.8590
  -23.0176
    1.2084
    7.0779
    3.6253
   -0.9207
    1.0933
    7.1354
   14.9614
    5.2365
  -10.7032
   -3.7404
   -9.0919
    7.0204
   16.2849
    9.6098
   10.9334
    7.6533
    4.8337
   -5.1214
  -11.6239
  -12.7172
    4.8912
   -1.4961
    3.2225
   12.2569
    5.1790
   11.4512
    9.5523
  -11.7965
  -23.0751
  -13.0049
   -9.0919
    1.1509
   29.2899
   37.4036
   21.3488
  -19.6800
  -40.5109
  -21.8667
   10.4155
   27.8513
   16.7453
   -9.2070
  -15.1341
   -6.9053
   -8.1712
   -3.2800
   -5.0063
    2.0716
   -2.8772
  -13.6379
  -10.6456
  -12.5446
   -1.3811
    5.9846
   20.3706
   20.7158
    2.4744
  -13.8681
  -12.2569
   -5.6969
    0.8632
    7.2505
   13.2927
   11.5088
   11.2786
    3.1649
  -23.1902
  -13.2351
   -0.6905
    6.7902
   22.1544
   13.1776
  -10.2428
  -15.0765
  -14.0407
  -10.0702
    5.2365
   10.5305
   16.6877
   15.0765
  -13.7530
  -12.6597
    3.3375
    1.5537
    5.4091
   10.9334
   -6.8477
   -9.3221
    7.6533
    0.9207
   -4.3158
   -6.5600
   -2.7621
    6.0997
    7.8260
  -13.4077
  -22.7874
   -4.2007
    3.7979
    0.0575
   -3.2800
    6.7326
   14.8463
   -8.9193
   -8.6891
    1.5537
   -5.4667
    7.1354
   22.9025
   -6.2723
  -11.0484
    9.6098
  -14.5586
   -2.0140
   18.4141
    0.5754
   -7.6533
   -6.3874
  -17.3207
    2.5319
   10.4155
   -3.5102
   14.2134
    8.1712
    0.1151
   -3.0498
  -10.9909
   -8.9193
   -5.2365
    0.6330
    2.4168
   19.1621
   34.2962
   22.0393
  -19.8527
  -27.1607
  -21.4639
   -2.9347
   33.1453
   21.1186
   -1.0933
   -1.0933
  -26.8730
  -31.7643
    6.1572
   12.6021
   -4.4884
  -11.9691
  -18.4141
  -12.2569
   -2.3593
   -4.0856
   14.3860
   12.3144
    2.7621
    2.6470
  -10.4155
  -15.8821
   -7.3081
   -4.1432
   -0.2877
   23.4204
   11.5663
    0.7481
   -1.7839
  -15.0765
   -5.1214
    4.4309
    2.4744
   10.6456
    2.7621
  -11.0484
   -0.9207
    1.7839
    8.3439
    4.2583
   -7.3656
   -1.6112
    4.2007
   -3.6828
    6.9628
    8.8042
   -3.3951
   12.2569
    1.9565
  -15.9972
    7.6533
   12.7748
  -16.6877
   -9.2646
   -3.1649
   -1.2084
   13.1200
    5.5818
  -12.7172
  -10.3004
   -3.5677
  -20.5432
    3.0498
    9.2646
  -12.9474
    5.2940
   10.0126
   -6.7326
    3.7404
    3.0498
   -4.8337
    4.6035
    0.6330
   -3.9130
   13.0625
    6.0997
   -1.6112
    0.6330
    2.9347
    3.5102
    8.5165
   -3.4526
   -9.0344
    2.8772
   10.3004
   13.8105
    9.4372
   -1.6688
  -11.3937
  -11.1060
   -2.3593
   -0.8056
   -0.4028
   10.5305
   29.3474
    5.1214
  -28.5418
  -25.0892
  -15.8246
    8.6891
   30.8436
   16.6302
   -2.4168
  -14.0983
  -25.3193
  -26.1249
    2.3018
    9.2646
   -1.3811
    1.9565
   -1.6112
  -10.5305
   -4.3733
   -4.4884
   10.3579
   23.1902
   16.8028
   -0.8632
   -1.8989
  -14.7312
  -12.3719
   -2.7046
    3.3375
   16.6877
   14.9039
    7.0779
   -9.0919
  -21.2337
   -5.7544
   12.4295
   15.1916
   10.3579
   -9.3221
   -7.7684
  -10.0702
   -3.6253
    8.6891
   -0.0575
   -3.0498
   14.7312
    0.6330
   -9.3797
   18.8169
   -2.8772
   -0.4604
   12.5446
   -2.1291
    5.9270
    1.3235
  -22.2695
   -5.1214
    3.9705
  -10.2428
   10.5881
    0.8632
  -12.0842
   -0.8632
  -15.7670
   -4.6611
   15.5369
   -2.2442
    3.6828
   11.9116
  -14.8463
   -4.0281
    1.3811
   -7.1930
    9.8976
    8.3439
    2.9347
    3.4526
    0.4604
    0.2302
   -1.0358
   -8.1712
   -1.6688
   -6.6176
    1.2084
   20.5432
    1.1509
  -19.1621
  -15.0765
    1.1509
   16.5151
   15.8246
    4.7186
   -9.0344
  -17.5509
   -8.6316
    5.4091
    6.2723
   13.4077
   18.0113
   16.6877
    0.5754
  -23.4204
  -35.1594
    1.6688
   21.2337
   25.1467
   13.2927
   -9.4948
  -12.6021
  -16.7453
  -21.6365
   -3.1649
   14.4435
   -1.4961
    2.5895
   -3.4526
  -22.6723
    6.9053
   24.5713
    4.6035
    5.7544
   14.3284
   -8.1137
   -6.6751
    6.2723
  -18.1839
    4.6035
   16.8028
   10.9334
   12.4295
   -5.7544
  -22.7874
   -6.0997
    5.5818
   -0.6905
    8.0562
    2.6470
  -10.4155
    5.6969
   -2.8197
  -19.1621
   -3.5677
   11.3937
    5.0639
    8.8618
   11.1635
   -0.1726
    1.9565
    4.5460
   -2.4744
    3.3375
    1.1509
    9.2070
    1.9565
   -9.7249
   -6.6176
    3.2800
   12.8323
   11.8541
   -1.4961
  -25.0316
   -8.4590
   -9.0919
   -4.7186
   15.3067
    6.4449
   -7.4807
   10.4730
    2.4744
  -12.0267
    1.6112
   -7.0204
    1.8989
   17.6660
   -1.7839
  -17.2056
   -0.3453
    2.9923
   -1.6688
   11.0484
   -9.7249
   -4.8337
   13.8681
   -8.3439
   -6.4449
   -2.4744
   -7.3081
   12.9474
   11.9691
    4.6035
   12.1993
   -2.4168
   -8.2863
    0.2302
   -8.3439
   -2.2442
   15.5369
   20.4281
   25.0892
    5.0639
  -26.8730
  -28.9446
   -2.9923
   23.4779
   20.7734
    7.8835
   -0.8056
  -21.2337
  -27.3909
  -10.9909
    0.4028
    8.6316
   10.7607
   -4.3733
   -9.1495
   -8.7467
  -14.4435
   -0.6905
   21.7516
   16.0548
    6.3298
    2.6470
  -14.9614
  -19.2772
   -3.3951
    6.0421
   12.6597
   15.8246
    0.0575
  -16.7453
  -11.2786
    8.2863
    5.9270
   -1.2660
   -9.1495
   -9.3797
    6.3874
   13.6955
   -2.7046
   -5.5818
    6.6176
   -4.8912
    7.3656
   16.5151
    1.8414
   -0.0575
   -0.1151
   -4.7186
    6.6751
   10.7032
   -2.1867
    2.5895
   -5.8695
   -7.2505
   -3.3951
   -3.5102
   10.3579
    6.6751
   -7.9986
   -7.9986
  -11.1060
   -3.9705
    5.8695
    0.1151
   -6.8477
    2.3018
   -0.6330
    2.0716
   11.5663
   -6.5025
   -7.5958
   -7.3081
   -3.9130
   18.4141
   11.3937
   -6.6176
    2.1291
   -3.9130
   -4.3733
    5.6393
    1.5537
    0.2302
   -6.3874
  -11.0484
    0.5179
   23.1327
   22.1544
    8.2863
   -4.5460
   -5.8119
    7.3081
   -9.1495
  -11.5088
   -2.1291
   -1.7263
   11.2211
   35.2169
   27.8513
  -12.7748
  -33.4330
  -35.6772
  -12.7172
    9.3797
   31.1313
   24.6288
    0.5179
  -25.9523
  -37.5187
  -25.3769
    5.6969
   27.4485
    4.6035
  -16.5151
  -26.0099
  -22.9025
   18.3565
   38.4969
   14.1558
    7.8260
   11.2211
  -12.3719
   -9.0919
    1.4961
   -9.0919
   -3.1074
   21.0611
   16.7453
    7.9411
   12.4295
   -9.6674
  -28.7144
   -7.6533
    9.0919
    3.2225
   10.8758
    4.7761
  -20.7734
  -15.0190
    5.9270
    7.3081
    5.0063
   -6.3298
  -13.7530
   -3.2800
    9.8976
    0.7481
    6.2147
    3.8554
   -4.3158
    5.4091
   -7.3081
  -15.6520
  -15.6520
    9.4948
    4.0856
   -0.9207
    6.1572
  -10.7032
    4.2583
    1.0933
  -11.7390
  -19.9102
    3.4526
    1.3811
   -2.3593
   11.9116
    0.8632
    0.2877
    0.2877
    2.3018
   -2.0140
   18.4716
   -1.2660
   -6.2723
   -0.4604
   -7.7684
   -2.3018
    1.0933
    4.2583
   -4.8912
   -3.1649
  -11.7390
    1.2084
    7.6533
    1.5537
   13.4077
    9.9551
   -4.6035
   -9.2646
  -13.8681
  -22.9600
   -3.1074
   17.6660
   38.0365
   22.6148
  -11.9691
  -35.5046
  -30.6709
    3.5677
   26.5278
   25.4344
    8.8618
   -5.2365
  -24.3986
  -28.3116
    5.0639
   13.0625
   -7.5958
  -14.7888
  -10.1853
   -5.2365
    8.8042
    1.1509
   -6.1572
   13.1776
    9.1495
   13.6379
   10.9334
  -12.6597
  -13.0625
  -11.7390
   -0.6330
   19.6225
   23.9958
    4.3733
  -10.4155
  -15.6520
  -14.4435
   10.9334
   21.6365
    9.3797
   -8.3439
   -8.8042
   -5.1214
   -1.6112
   10.6456
    2.8772
   -4.2007
    1.8414
    0.2877
   -4.0281
    1.8414
   -2.3593
  -13.6379
   -3.3375
   18.8169
   10.6456
   13.8105
   -5.6393
  -33.8934
   -5.8119
    5.4667
    0.3453
   -0.3453
   -7.7684
  -11.2786
    0.3453
    5.3516
   11.4512
    5.5818
   -3.2800
   -0.5754
   -9.7825
   -4.0281
    7.6533
    7.5958
    8.4590
    7.3656
   -4.8337
    1.4386
   -4.0281
   -3.6253
   -1.4961
   -5.0639
   -1.3235
   -0.6330
   -0.6330
   18.8169
   16.1123
  -16.5727
  -28.3116
  -10.4730
    4.4884
   19.1046
   13.8105
  -10.9334
   -7.3081
   -0.9782
    1.9565
    0.1726
   -0.6330
   19.1621
   20.5432
   -4.4884
  -16.1123
  -16.1698
   -9.7825
   21.4639
   18.1839
   11.5663
    5.1790
   -9.7249
  -19.2197
  -21.4063
   -9.4948
   15.5944
   24.2260
    1.4386
   -7.9411
  -11.3362
  -15.4218
    6.3298
   27.3334
   16.7453
   -3.2225
   -5.6393
  -19.5649
   -1.8989
   19.3348
    8.5740
   -4.4309
  -15.1916
    2.4168
   -1.5537
   -7.9986
   -7.4232
  -18.2990
    6.3874
   14.9039
   13.8105
   -1.9565
  -11.9691
  -19.5649
  -15.1341
   -0.2877
   12.2569
   23.1327
    7.9986
    0.7481
    4.0856
    5.9270
    8.2863
    6.8477
   -7.1354
   -9.4372
   12.4870
    3.7979
    9.5523
    7.5958
   -2.4168
    3.2225
   -7.3081
   -4.4884
   -4.0281
   -7.9411
  -10.8183
   -1.3235
   -2.6470
    5.0063
   15.5369
   -7.3656
   -3.7979
   -1.0933
  -11.1060
   -5.9846
    7.8260
    9.6674
    1.6112
   11.5088
    2.5895
   -4.6035
    6.1572
    4.4309
   -6.2723
    1.4386
    8.6316
   -2.1291
    3.8554
    1.8989
   -4.5460
    8.9769
   11.0484
    6.7326
    7.0204
   10.1277
    3.3375
   -0.8632
   -9.2070
  -14.3284
   -3.4526
   24.8014
   38.7271
    5.4091
  -26.0099
  -41.0864
  -11.0484
    4.6035
   27.5060
   19.1621
   -7.3656
  -13.9832
  -25.6646
  -12.6597
   -3.7979
    5.8695
  -10.1853
  -15.4793
   -6.3298
    0.3453
   -2.7046
   10.6456
   18.8169
    0.4028
   18.4716
   12.0267
   -6.7902
  -12.8898
   -7.5383
  -15.3642
   14.3860
   39.4751
   16.8604
    9.5523
  -18.4716
  -23.3628
    0.9207
   13.2927
   10.5305
   10.1277
    3.2800
    0.6330
   -4.2583
   -7.7684
    1.9565
    6.7326
    3.6828
   -8.6891
  -12.3719
    2.9347
    5.6393
   -0.8632
   -1.7839
    0.0575
    6.7902
    0.9207
  -16.5727
  -21.8667
  -15.4793
   -5.1214
   21.4063
    8.8618
   -5.1790
    1.8414
  -10.5305
  -15.8821
   -5.7544
    1.7263
    2.7046
   12.0267
   16.9755
   16.9755
   -4.0281
  -10.4730
   -6.0997
   -1.8414
   11.1060
   18.6442
   -1.7263
  -18.8744
   -2.1867
    1.6688
    1.3235
   12.3719
   -1.5537
  -21.1762
   -7.9411
    5.7544
    0.5179
    1.3235
    4.8337
   -5.4091
   -1.3811
   13.2927
   -5.3516
  -18.9895