    1.8818
   11.4267
    9.7358
   14.7305
   14.2810
   16.2633
    9.5823
    4.1573
   -3.8731
   -7.3834
   -3.1030
   -8.4389
   -7.2798
   -8.7337
   -4.2637
   -2.6029
    3.8323
    5.6125
    4.5158
    5.5209
   -1.0788
    6.7787
   -0.4654
   -3.0609
   11.3002
    1.4827
   -2.4527
   -1.1094
   -1.5855
   -8.8714
   -4.9396
   -1.1755
   -2.7332
   -7.9356
   -3.9161
   -2.3977
   -1.1304
   -6.0937
    0.6606
    5.3290
   -3.9330
    3.0385
    6.3553
    3.6478
    4.5115
    1.2045
    2.0319
   -1.2306
    1.6553
   -0.1532
   -0.9941
    5.1308
   -0.3342
    1.5620
    0.3767
   -4.2868
   -7.1907
   -5.7482
   -0.2085
   -1.7826
    1.9156
   -1.2836
   -3.8369
    1.0584
    4.5885
    2.2082
    0.9247
    0.1888
    5.3930
    3.9968
   -0.6556
   -4.0568
   -3.2563
    0.0917
   -4.9967
   -3.2870
   -2.8763
   -4.8732
   -4.9079
   -3.6313
   -4.4751
   -6.6410
    0.4026
   -4.2629
    2.5538
   -1.1475
    4.5989
   15.0363
   14.7414
   13.3510
   10.8279
    9.2778
    8.8920
    6.8243
    1.0837
   -3.2416
   -2.4538
   -2.3928
   -6.0826
    0.2058
   -4.6767
    0.3984
    1.7775
   -0.0120
    0.4754
    4.2248
   -3.7350
    2.3700
    2.6029
    3.5273
   -0.5369
   -2.3757
   -6.4865
    3.3125
    4.6889
   -0.4778
    8.0520
   -1.9435
   -4.5441
   -1.3588
   -1.0598
    0.3016
   -1.8685
   -4.9631
   -7.5372
   -4.6065
   -6.9442
   -0.0787
   -2.3014
   -7.3394
    0.2349
   -3.2568
    4.4910
    0.8843
    1.8443
   -1.0960
    3.1801
    1.7167
    2.0411
    0.0707
    2.7528
   -7.4154
    0.3871
    2.7695
   -1.4912
    0.6955
   -3.1368
   -0.6900
   -2.9236
    2.8371
    1.1104
    4.4697
    0.5314
    1.0305
    2.7313
    6.7706
   -5.0264
   -2.5651
    6.7917
    8.6597
    1.7506
    6.2615
    8.3067
    1.4228
   -1.2831
   -2.0185
   -1.9447
    0.8473
   -2.6462
    4.0482
   -3.6009
   -1.3085
    8.2053
   10.6092
   12.6067
    4.0108
    8.3353
    0.4242
    3.9806
    3.1816
    2.3644
   -0.4430
   -2.0485
   -1.2537
   -3.5303
   -2.8196
    1.2982
    2.2386
   -2.1103
   -5.9352
   -7.3557
   -5.2533
   -3.4244
    0.9759
   -3.0274
   -0.8770
    0.6708
   -4.6147
   -2.5104
   -1.6748
   -1.2693
    0.4418
    4.8164
    1.0961
    5.1061
    4.0079
    3.3660
    5.4898
    8.6706
    5.9308
   -4.3886
    1.6216
   -4.6242
   -7.5740
   -5.4486
   -8.7712
   -5.5364
    2.3968
   -3.1747
    7.1451
    0.3222
    2.7217
   -0.4551
   -0.4599
   -1.7145
    1.5007
   -3.5974
   -1.6358
   -2.5065
    1.1038
    4.9592
    6.5107
   -6.3758
   -0.2330
   -3.8568
   -5.5822
   -2.0921
   -4.0266
   -2.3328
    0.1344
   -4.9054
   -1.9506
   -6.2635
   -1.4518
    3.5577
   -4.4385
    2.9076
   -2.1132
    3.2154
    1.3084
    1.8992
   -2.4051
   -0.4758
    1.4078
    1.7637
    0.3947
    0.2063
   11.8001
   10.1707
    9.3623
    8.6029
    8.6055
    8.8646
    1.4752
    2.7537
   -1.4735
   -5.3387
   -6.6538
   -3.2576
   -3.3143
   -4.6717
   -3.0392
    2.3478
    3.1826
    1.0537
    4.7341
    0.6994
    0.7983
    4.2043
   -2.3735
   -8.0737
   -6.5125
   -2.1350
   -4.0978
    5.2032
   -7.7829
   -3.6507
   -2.1349
   -5.8621
    2.7003
    2.4412
    5.7061
    3.6287
   -9.2914
   -0.8109
    3.3682
   -0.2319
    3.0497
    1.6232
   -0.3151
    1.1580
    2.0747
    3.6000
   -3.2494
   -2.5476
   -3.2208
    1.6661
    4.0187
    2.5733
    3.7778
    0.7164
   -2.1591
    2.9941
    6.7538
    3.2878
    4.9272
   -2.7115
    4.0151
    1.6111
    3.5859
    5.4737
   -1.1018
    5.0821
   -3.3101
   -0.8488
   -0.6197
    1.2498
   -3.5646
   -5.7793
    1.5419
   -1.7437
   -8.7350
   -1.3216
   -7.2446
    1.1822
    3.6573
   -0.7184
   -2.4662
    4.7536
   -0.3842
   -1.1321
   -2.4514
    3.2443
   12.7898
   12.5087
   15.5510
   10.7209
    7.0279
   -1.3886
   -1.8990
   -2.0473
   -5.8090
   -1.5254
  -11.4983
   -5.6119
   -3.4021
   -4.4133
   -0.0227
    6.5303
   -0.6553
    2.5731
   -0.2118
    6.7488
    0.4247
    1.0075
    7.4803
    4.7088
   -1.2129
    3.4852
   -2.6441
   -0.9372
    3.9597
    4.8856
   -3.9040
   -2.6923
    0.7383
   -0.4481
   -2.8193
   -2.3728
   -3.7588
   -8.0030
   -0.8523
   -3.7135
   -0.2735
    8.5414
    1.0273
    5.7604
   -2.5811
    4.7916
   -4.8115
   -0.7621
    0.6340
    1.2515
   -1.5040
   -4.8755
   -5.5530
   -4.1151
   -5.0450
   -3.4978
   -4.3741
    2.9855
    0.4401
    1.0808
   -1.8415
    2.3009
    3.0051
   -0.5132
   -0.9780
   -3.1522
    5.7461
   -0.3612
    2.6848
    2.3627
    1.8473
   -1.0667
   -0.3960
   -1.2637
    3.4213
   -4.9603
   -2.2894
    1.5419
   -0.5418
   -5.2125
    0.9687
   -9.7468
   -2.3518
    4.6064
    6.6597
   12.7716
   12.7876
   12.4423
   14.5392
   17.0274
    5.4724
    7.3048
   -2.2241
   -4.5470
   -3.0027
   -8.9436
   -3.3618
  -11.2751
  -12.7595
   -4.4907
   -1.7353
    2.4304
   -0.1854
    3.3096
    1.7115
    3.5779
   -1.3060
    1.7307
    0.2157
    1.4332
    9.4768
   -2.2383
    2.2479
    1.0027
    3.0258
    7.2306
    4.1136
   -1.2371
   -4.1149
    2.6762
   -3.5371
   -2.9925
    0.5031
   -5.9056
    3.8343
   -0.6307
   -1.4503
    2.1817
    2.5723
   -0.3495
    4.3182
    2.3259
    4.8776
    2.3421
    0.8726
    6.8278
   -1.4980
    2.5406
    6.4020
   -1.8871
    0.8278
   -0.7366
   -3.3430
   -2.6371
   -0.9165
    4.4084
   -0.0690
   -3.3976
   -8.4707
   -0.9266
   -0.2842
   -2.9601
    3.3909
    2.0527
    3.2115
    0.2450
   -0.0901
    0.7332
   -1.3160
    0.3824
    4.0454
   -5.7713
   -4.6922
    0.5220
    1.0200
   -3.4210
    0.9627
    3.0490
    1.1620
   -2.4201
    5.7638
    8.7602
   11.6568
   10.0688
    7.6705
   13.7354
    3.7543
    1.6198
    0.7920
   -7.1519
   -6.1584
   -1.3258
   -1.5014
   -5.8052
    2.0024
   -1.2483
   -0.2335
   -0.1988
   -2.3664
   -6.6799
   -1.6723
   -6.6002
   -2.5053
   -1.5338
   -1.5947
   -6.4444
   -0.5600
   -5.0589
    0.1475
    1.8740
    5.6039
   -5.4433
    4.0207
    1.0763
    1.3651
   -0.3301
    1.8893
   -0.0757
   -1.6822
   -1.9066
    1.3069
    0.5577
    2.2479
   -0.1771
   -1.7238
   -4.6478
    0.2992
   -1.2033
    1.0047
    3.6423
   -0.1190
    0.4245
    1.5473
    3.3312
    9.2426
    0.0203
    6.8323
    1.5731
    4.6183
    1.3877
   -1.1378
   -0.9412
    2.2554
    2.6333
    1.1674
   -4.0264
   -6.5435
   -1.2666
   -0.7746
  -10.1557
   -1.7788
    5.2160
   -1.5095
   -2.4417
   -3.1108
   -5.2361
   -0.7402
    1.9566
   -2.0464
    1.7914
    3.2789
   -1.4002
    1.6412
    1.4368
    0.8578
   12.6629
    5.7650
   11.8205
    7.3459
    5.9849
    6.9013
    6.0208
    0.4596
    2.0473
   -6.1926
   -2.4924
   -4.7844
   -4.4649
   -9.0143
    3.1832
    8.0516
    4.7446
    8.1473
    4.1580
   -0.1774
    0.3315
   -0.3323
    4.6662
   -1.3848
   -0.5343
   -5.8234
   -2.7398
   -7.5975
   -4.7158
    0.0998
    3.4841
    0.1234
   -0.5238
    3.1517
    2.6023
   -6.9946
   -4.5948
   -1.3932
   -1.5078
   -3.9478
   -1.3143
   -2.5110
    3.4332
   -2.4996
   -5.1355
   -2.9113
   -4.1826
   -1.5033
   -3.2479
   -7.2495
   -0.5961
   -3.3088
   -3.6433
   -3.9119
    1.9034
   -0.2944
   -4.1986
    8.2009
    0.8033
    3.1772
    3.7403
   -1.3701
    6.6051
    3.3639
    2.7110
    6.1014
    1.8276
   -4.6679
    0.1827
    3.4205
    3.1394
   -0.1758
   -6.5570
    2.2154
   -1.3456
   -0.3439
    3.4178
    1.0294
  -11.5889
   -4.6567
   -1.6338
   -2.7978
    1.9628
    2.0188
   -0.7353
   11.3369
    9.0136
   11.8867
   10.2022
    7.1542
    6.7891
   -1.5865
   -1.8165
   -1.2711
   -3.5204
  -13.4476
   -6.2277
   -8.3346
   -4.1936
   -3.4086
   -3.1328
   -0.4165
    3.0782
    4.6421
    0.7713
   -0.6580
    2.2498
    6.5378
    3.9140
    3.4558
    0.1295
   -1.5680
    6.8028
   -0.6219
   -0.7999
   -1.8348
   -0.8894
   -2.1310
   -4.3130
    0.7641
    4.0635
    0.4682
   -2.0526
    0.9130
    4.3830
    7.1756
   -2.5974
    2.4195
    0.7830
    3.8366
    2.4705
   -0.2389
   -4.5287
   -3.1895
   -1.8721
   -1.4560
    2.5009
   -3.6733
   -1.1035
    0.2196
   -2.1307
   -2.6529
   -4.7462
    0.1051
    2.9891
   -0.1581
   -0.1231
    0.2429
    3.3460
   -0.4493
   -0.5938
    3.0168
    0.5371
    4.3532
   -3.2094
    5.3766
   -1.4645
    1.1980
   -1.4658
    1.8526
   -5.2530
   -4.4262
    3.9439
   -4.3375
   -3.3563
   -0.7090
   -3.0676
    0.3839
    4.1654
    1.2171
   11.9944
    7.2260
   13.7996
   12.5576
   15.2188
    7.4394
    2.4722
    3.1877
   -4.6628
   -4.5407
   -5.4469
  -10.2024
   -3.5893
   -4.2432
   -6.5906
   -8.1527
   -3.6724
   -2.4244
   -7.9827
    3.6363
    1.3166
   -5.3241
    6.6375
   -0.0242
   -4.1666
   -2.4286
    1.3245
   -4.0793
   -1.0669
    0.0298
   -1.1221
    0.6805
   -2.4559
   -1.2818
   -0.1956
   -8.1242
   -7.4373
   -4.9429
   -1.4124
   -0.9965
   -3.7865
    2.9760
    2.8335
   -0.7837
   10.8851
   -0.1682
    4.6961
    1.9232
   -2.8993
    8.7961
   -0.3742
    3.1899
    8.8307
    4.4354
    3.0944
    0.8863
    1.4939
    6.0597
   -1.9760
   -1.7441
   -2.9002
   -3.0445
   -2.4210
    0.0980
   -1.4222
   -3.8272
    4.1747
   -3.3695
   -1.2173
    0.5058
   -4.7026
   -2.3027
   -3.0494
   -7.3638
    7.6889
   -1.6141
    2.9908
   -0.0584
   -3.7548
   -1.2492
   -0.3229
   -5.6294
    1.4644
    1.2838
   -2.8346
    3.0046
    2.8476
   12.0108
   11.2064
   16.3308
    6.5515
   13.5189
    4.5677
    3.4562
    4.6724
    2.2741
   -4.6046
   -4.7516
   -4.3291
    2.6387
   -0.4450
   -0.7682
    1.3522
    4.5639
    0.7257
    1.9311
   -6.7852
   -2.0438
   -3.7410
   -2.7176
   -3.2768
   -2.1936
   -2.2307
    1.7269
    4.6046
   -4.3428
    6.4711
    5.3130
    1.7437
    6.4708
    2.0977
   -2.2231
    4.1038
    7.0235
   -3.1179
   -4.4771
    1.6941
   -2.4837
   -7.0900
    0.9247
   -3.5023
   -5.3803
   -4.3869
   -3.6584
    1.4552
   -4.5165
    1.2973
    3.6475
   -1.6502
    2.6262
   -3.2873
    4.3711
   -1.3111
    4.7053
    3.3052
    0.2969
   -3.5015
    4.9235
    0.7239
    5.1073
   -0.5375
   -6.4557
    4.3673
   -1.9098
    2.0587
   -2.8998
    1.6718
    2.8054
    3.8360
    2.6778
    1.3976
    2.3324
    3.0698
   -0.1186
    3.9100
   -1.3978
   -4.4040
    1.6737
    1.1992
    0.6363
    6.6742
   10.2225
   15.2947
   11.0224
   12.2900
    5.3126
    3.4815
   -4.4448
   -1.5002
   -0.9179
   -8.4590
   -6.1791
   -7.3215
   -6.5254
    0.3271
   -0.7420
    2.8583
    2.9726
    5.4845
   -4.2444
   -0.3957
    1.8752
    2.8391
    4.5454
   -1.9611
   -2.6244
   -2.2221
    0.4899
   -1.5118
    1.8193
   -3.8507
    0.4010
    0.9597
   -4.7665
    2.0672
    7.2728
   -1.4797
    0.6874
   -0.2869
    6.5450
    1.0812
    4.9157
   -3.1086
   -4.2330
    4.0438
    2.0879
    0.4234
    1.9671
   -1.4238
   -1.6280
   -5.1328
   -2.4809
   -5.9804
   -5.1596
   -3.5632
   -1.2213
    3.8748
    0.5006
    1.0866
    1.9719
    4.4335
    2.7294
    1.2363
   -0.3284
    2.8027
   -4.6567
    0.4545
    2.8943
   -1.2504
    0.8630
   -0.7982
    0.2092
   -3.3836
    3.4160
   -0.5132
   -1.0727
   -4.8992
   -1.2471
   -4.6277
   -0.3447
   -2.6927
    1.5774
    2.7653
    1.1397
    8.0800
    7.3288